  X=[0.7583;
    2.2605;
    0.0915;
    0.7019;
    1.2257;
    1.6413]
b=[21; 22; 8; -19; 31; -42]


 A=[12     3    -1     1     1     2;
     1     9    -1     2     1    -1;
     2     1    16     1    -1     2;
     1     1    -1   -40     1     3;
     1     3     5    -1    18     1;
     3    -1    -1     4     1   -28]

 A * X
